Meters: 13.000000 = 14.216800 yards - Mar 16 2025 23:35:28
Meters: 10.000000 = 393.700012 inches - Mar 16 2025 23:35:28
Meters: 393.000000 = 429.784790 yards - Mar 16 2025 23:35:28
Meters: 12.000000 = 0.007456 miles - Mar 16 2025 23:35:28
